09  // shift_num(0)
12
09  // shift_num(1)
12
00
00
00
00
00
00
00
00
00
00
00
00
00
00
00
00
00
00
00
00
00
00
00
00
00
00
00
00
19  // b(0)-21991.0
aa
a6  // b(1)22438.0
57
00
00
00
00
00
00
00
00
00
00
00
00
00
00
00
00
00
00
00
00
00
00
00
00
00
00
00
00
1c  // w(0,0,0,0)-4836.0
ed
50  // w(1,0,0,0)19280.0
4b
00
00
00
00
00
00
00
00
00
00
00
00
00
00
00
00
00
00
00
00
00
00
00
00
00
00
00
00
ae  // w(0,1,0,0)-8786.0
dd
d1  // w(1,1,0,0)-7983.0
e0
00
00
00
00
00
00
00
00
00
00
00
00
00
00
00
00
00
00
00
00
00
00
00
00
00
00
00
00
30  // w(0,2,0,0)-7888.0
e1
4c  // w(1,2,0,0)12876.0
32
00
00
00
00
00
00
00
00
00
00
00
00
00
00
00
00
00
00
00
00
00
00
00
00
00
00
00
00
74  // w(0,3,0,0)-11148.0
d4
92  // w(1,3,0,0)9618.0
25
00
00
00
00
00
00
00
00
00
00
00
00
00
00
00
00
00
00
00
00
00
00
00
00
00
00
00
00
ff  // w(0,4,0,0)10495.0
28
07  // w(1,4,0,0)10503.0
29
00
00
00
00
00
00
00
00
00
00
00
00
00
00
00
00
00
00
00
00
00
00
00
00
00
00
00
00
7e  // w(0,5,0,0)23934.0
5d
b0  // w(1,5,0,0)2736.0
0a
00
00
00
00
00
00
00
00
00
00
00
00
00
00
00
00
00
00
00
00
00
00
00
00
00
00
00
00
5a  // w(0,6,0,0)1626.0
06
33  // w(1,6,0,0)16179.0
3f
00
00
00
00
00
00
00
00
00
00
00
00
00
00
00
00
00
00
00
00
00
00
00
00
00
00
00
00
03  // w(0,7,0,0)-7421.0
e3
ac  // w(1,7,0,0)19116.0
4a
00
00
00
00
00
00
00
00
00
00
00
00
00
00
00
00
00
00
00
00
00
00
00
00
00
00
00
00
21  // w(0,8,0,0)10273.0
28
e3  // w(1,8,0,0)-29725.0
8b
00
00
00
00
00
00
00
00
00
00
00
00
00
00
00
00
00
00
00
00
00
00
00
00
00
00
00
00
68  // w(0,9,0,0)-15000.0
c5
e9  // w(1,9,0,0)-5143.0
eb
00
00
00
00
00
00
00
00
00
00
00
00
00
00
00
00
00
00
00
00
00
00
00
00
00
00
00
00
dd  // w(0,10,0,0)733.0
02
59  // w(1,10,0,0)9305.0
24
00
00
00
00
00
00
00
00
00
00
00
00
00
00
00
00
00
00
00
00
00
00
00
00
00
00
00
00
7a  // w(0,11,0,0)10618.0
29
ff  // w(1,11,0,0)-8449.0
de
00
00
00
00
00
00
00
00
00
00
00
00
00
00
00
00
00
00
00
00
00
00
00
00
00
00
00
00
40  // w(0,12,0,0)-21696.0
ab
1c  // w(1,12,0,0)9756.0
26
00
00
00
00
00
00
00
00
00
00
00
00
00
00
00
00
00
00
00
00
00
00
00
00
00
00
00
00
a0  // w(0,13,0,0)11936.0
2e
17  // w(1,13,0,0)14359.0
38
00
00
00
00
00
00
00
00
00
00
00
00
00
00
00
00
00
00
00
00
00
00
00
00
00
00
00
00
c7  // w(0,14,0,0)-4665.0
ed
2b  // w(1,14,0,0)-5077.0
ec
00
00
00
00
00
00
00
00
00
00
00
00
00
00
00
00
00
00
00
00
00
00
00
00
00
00
00
00
ae  // w(0,15,0,0)-19026.0
b5
42  // w(1,15,0,0)2370.0
09
00
00
00
00
00
00
00
00
00
00
00
00
00
00
00
00
00
00
00
00
00
00
00
00
00
00
00
00
57  // w(0,16,0,0)20823.0
51
f9  // w(1,16,0,0)9721.0
25
00
00
00
00
00
00
00
00
00
00
00
00
00
00
00
00
00
00
00
00
00
00
00
00
00
00
00
00
5f  // w(0,17,0,0)-15009.0
c5
f2  // w(1,17,0,0)-9486.0
da
00
00
00
00
00
00
00
00
00
00
00
00
00
00
00
00
00
00
00
00
00
00
00
00
00
00
00
00
75  // w(0,18,0,0)-395.0
fe
30  // w(1,18,0,0)8752.0
22
00
00
00
00
00
00
00
00
00
00
00
00
00
00
00
00
00
00
00
00
00
00
00
00
00
00
00
00
e5  // w(0,19,0,0)23269.0
5a
1a  // w(1,19,0,0)-742.0
fd
00
00
00
00
00
00
00
00
00
00
00
00
00
00
00
00
00
00
00
00
00
00
00
00
00
00
00
00
50  // w(0,20,0,0)-22192.0
a9
8d  // w(1,20,0,0)-371.0
fe
00
00
00
00
00
00
00
00
00
00
00
00
00
00
00
00
00
00
00
00
00
00
00
00
00
00
00
00
d7  // w(0,21,0,0)-14889.0
c5
88  // w(1,21,0,0)10120.0
27
00
00
00
00
00
00
00
00
00
00
00
00
00
00
00
00
00
00
00
00
00
00
00
00
00
00
00
00
22  // w(0,22,0,0)-7646.0
e2
ad  // w(1,22,0,0)8109.0
1f
00
00
00
00
00
00
00
00
00
00
00
00
00
00
00
00
00
00
00
00
00
00
00
00
00
00
00
00
52  // w(0,23,0,0)5202.0
14
38  // w(1,23,0,0)-4552.0
ee
00
00
00
00
00
00
00
00
00
00
00
00
00
00
00
00
00
00
00
00
00
00
00
00
00
00
00
00
3b  // w(0,24,0,0)-5317.0
eb
4c  // w(1,24,0,0)11084.0
2b
00
00
00
00
00
00
00
00
00
00
00
00
00
00
00
00
00
00
00
00
00
00
00
00
00
00
00
00
11  // w(0,25,0,0)17681.0
45
25  // w(1,25,0,0)5925.0
17
00
00
00
00
00
00
00
00
00
00
00
00
00
00
00
00
00
00
00
00
00
00
00
00
00
00
00
00
69  // w(0,26,0,0)17513.0
44
29  // w(1,26,0,0)-13783.0
ca
00
00
00
00
00
00
00
00
00
00
00
00
00
00
00
00
00
00
00
00
00
00
00
00
00
00
00
00
ce  // w(0,27,0,0)974.0
03
14  // w(1,27,0,0)12308.0
30
00
00
00
00
00
00
00
00
00
00
00
00
00
00
00
00
00
00
00
00
00
00
00
00
00
00
00
00
12  // w(0,28,0,0)-18158.0
b9
1d  // w(1,28,0,0)16157.0
3f
00
00
00
00
00
00
00
00
00
00
00
00
00
00
00
00
00
00
00
00
00
00
00
00
00
00
00
00
bc  // w(0,29,0,0)-3652.0
f1
af  // w(1,29,0,0)-17745.0
ba
00
00
00
00
00
00
00
00
00
00
00
00
00
00
00
00
00
00
00
00
00
00
00
00
00
00
00
00
96  // w(0,30,0,0)-6250.0
e7
c6  // w(1,30,0,0)12742.0
31
00
00
00
00
00
00
00
00
00
00
00
00
00
00
00
00
00
00
00
00
00
00
00
00
00
00
00
00
17  // w(0,31,0,0)6935.0
1b
d0  // w(1,31,0,0)-48.0
ff
00
00
00
00
00
00
00
00
00
00
00
00
00
00
00
00
00
00
00
00
00
00
00
00
00
00
00
00
cd  // w(0,32,0,0)-24371.0
a0
1a  // w(1,32,0,0)4378.0
11
00
00
00
00
00
00
00
00
00
00
00
00
00
00
00
00
00
00
00
00
00
00
00
00
00
00
00
00
12  // w(0,33,0,0)11282.0
2c
4e  // w(1,33,0,0)-14770.0
c6
00
00
00
00
00
00
00
00
00
00
00
00
00
00
00
00
00
00
00
00
00
00
00
00
00
00
00
00
8c  // w(0,34,0,0)15244.0
3b
0d  // w(1,34,0,0)-13043.0
cd
00
00
00
00
00
00
00
00
00
00
00
00
00
00
00
00
00
00
00
00
00
00
00
00
00
00
00
00
23  // w(0,35,0,0)7715.0
1e
de  // w(1,35,0,0)5854.0
16
00
00
00
00
00
00
00
00
00
00
00
00
00
00
00
00
00
00
00
00
00
00
00
00
00
00
00
00
2f  // w(0,36,0,0)7727.0
1e
a2  // w(1,36,0,0)16546.0
40
00
00
00
00
00
00
00
00
00
00
00
00
00
00
00
00
00
00
00
00
00
00
00
00
00
00
00
00
53  // w(0,37,0,0)-20909.0
ae
80  // w(1,37,0,0)-5760.0
e9
00
00
00
00
00
00
00
00
00
00
00
00
00
00
00
00
00
00
00
00
00
00
00
00
00
00
00
00
3f  // w(0,38,0,0)-8129.0
e0
e6  // w(1,38,0,0)4838.0
12
00
00
00
00
00
00
00
00
00
00
00
00
00
00
00
00
00
00
00
00
00
00
00
00
00
00
00
00
a6  // w(0,39,0,0)-18522.0
b7
76  // w(1,39,0,0)10614.0
29
00
00
00
00
00
00
00
00
00
00
00
00
00
00
00
00
00
00
00
00
00
00
00
00
00
00
00
00
7f  // w(0,40,0,0)4223.0
10
c4  // w(1,40,0,0)12740.0
31
00
00
00
00
00
00
00
00
00
00
00
00
00
00
00
00
00
00
00
00
00
00
00
00
00
00
00
00
9b  // w(0,41,0,0)-13925.0
c9
ca  // w(1,41,0,0)-21302.0
ac
00
00
00
00
00
00
00
00
00
00
00
00
00
00
00
00
00
00
00
00
00
00
00
00
00
00
00
00
2f  // w(0,42,0,0)1327.0
05
51  // w(1,42,0,0)1361.0
05
00
00
00
00
00
00
00
00
00
00
00
00
00
00
00
00
00
00
00
00
00
00
00
00
00
00
00
00
fc  // w(0,43,0,0)1020.0
03
f8  // w(1,43,0,0)248.0
00
00
00
00
00
00
00
00
00
00
00
00
00
00
00
00
00
00
00
00
00
00
00
00
00
00
00
00
00
15  // w(0,44,0,0)5909.0
17
bb  // w(1,44,0,0)7099.0
1b
00
00
00
00
00
00
00
00
00
00
00
00
00
00
00
00
00
00
00
00
00
00
00
00
00
00
00
00
df  // w(0,45,0,0)5087.0
13
67  // w(1,45,0,0)-2969.0
f4
00
00
00
00
00
00
00
00
00
00
00
00
00
00
00
00
00
00
00
00
00
00
00
00
00
00
00
00
af  // w(0,46,0,0)27567.0
6b
0c  // w(1,46,0,0)-2036.0
f8
00
00
00
00
00
00
00
00
00
00
00
00
00
00
00
00
00
00
00
00
00
00
00
00
00
00
00
00
4d  // w(0,47,0,0)-6067.0
e8
52  // w(1,47,0,0)1362.0
05
00
00
00
00
00
00
00
00
00
00
00
00
00
00
00
00
00
00
00
00
00
00
00
00
00
00
00
00
90  // w(0,48,0,0)-20080.0
b1
4c  // w(1,48,0,0)-15028.0
c5
00
00
00
00
00
00
00
00
00
00
00
00
00
00
00
00
00
00
00
00
00
00
00
00
00
00
00
00
14  // w(0,49,0,0)24852.0
61
f5  // w(1,49,0,0)-13579.0
ca
00
00
00
00
00
00
00
00
00
00
00
00
00
00
00
00
00
00
00
00
00
00
00
00
00
00
00
00
8c  // w(0,50,0,0)10124.0
27
9e  // w(1,50,0,0)-7778.0
e1
00
00
00
00
00
00
00
00
00
00
00
00
00
00
00
00
00
00
00
00
00
00
00
00
00
00
00
00
0c  // w(0,51,0,0)3084.0
0c
a8  // w(1,51,0,0)-1624.0
f9
00
00
00
00
00
00
00
00
00
00
00
00
00
00
00
00
00
00
00
00
00
00
00
00
00
00
00
00
04  // w(0,52,0,0)-11004.0
d5
57  // w(1,52,0,0)11607.0
2d
00
00
00
00
00
00
00
00
00
00
00
00
00
00
00
00
00
00
00
00
00
00
00
00
00
00
00
00
8b  // w(0,53,0,0)-17525.0
bb
15  // w(1,53,0,0)10261.0
28
00
00
00
00
00
00
00
00
00
00
00
00
00
00
00
00
00
00
00
00
00
00
00
00
00
00
00
00
c4  // w(0,54,0,0)22468.0
57
68  // w(1,54,0,0)-19608.0
b3
00
00
00
00
00
00
00
00
00
00
00
00
00
00
00
00
00
00
00
00
00
00
00
00
00
00
00
00
31  // w(0,55,0,0)1585.0
06
9a  // w(1,55,0,0)14490.0
38
00
00
00
00
00
00
00
00
00
00
00
00
00
00
00
00
00
00
00
00
00
00
00
00
00
00
00
00
55  // w(0,56,0,0)-1451.0
fa
a4  // w(1,56,0,0)2212.0
08
00
00
00
00
00
00
00
00
00
00
00
00
00
00
00
00
00
00
00
00
00
00
00
00
00
00
00
00
1d  // w(0,57,0,0)11037.0
2b
fe  // w(1,57,0,0)-3586.0
f1
00
00
00
00
00
00
00
00
00
00
00
00
00
00
00
00
00
00
00
00
00
00
00
00
00
00
00
00
f1  // w(0,58,0,0)-2575.0
f5
a7  // w(1,58,0,0)24999.0
61
00
00
00
00
00
00
00
00
00
00
00
00
00
00
00
00
00
00
00
00
00
00
00
00
00
00
00
00
ab  // w(0,59,0,0)-31829.0
83
99  // w(1,59,0,0)3737.0
0e
00
00
00
00
00
00
00
00
00
00
00
00
00
00
00
00
00
00
00
00
00
00
00
00
00
00
00
00
41  // w(0,60,0,0)-18879.0
b6
71  // w(1,60,0,0)-14735.0
c6
00
00
00
00
00
00
00
00
00
00
00
00
00
00
00
00
00
00
00
00
00
00
00
00
00
00
00
00
79  // w(0,61,0,0)-15239.0
c4
72  // w(1,61,0,0)-1934.0
f8
00
00
00
00
00
00
00
00
00
00
00
00
00
00
00
00
00
00
00
00
00
00
00
00
00
00
00
00
5a  // w(0,62,0,0)-9382.0
db
2b  // w(1,62,0,0)5931.0
17
00
00
00
00
00
00
00
00
00
00
00
00
00
00
00
00
00
00
00
00
00
00
00
00
00
00
00
00
51  // w(0,63,0,0)-14255.0
c8
9d  // w(1,63,0,0)14237.0
37
00
00
00
00
00
00
00
00
00
00
00
00
00
00
00
00
00
00
00
00
00
00
00
00
00
00
00
00 // end of one group of 16 filters
00
00
00
00
00
00
00
00
00
00
00
00
00
00
00
00
00
00
00
00
00
00
00
00
00
00
00
00
00
00
00
00
00
00
00
00
00
00
00
00
00
00
00
00
00
00
00
00
00
00
00
00
00
00
00
00
00
00
00
00
00
00
00
00
00
00
00
00
00
00
00
00
00
00
00
00
00
00
00
00
00
00
00
00
00
00
00
00
00
00
00
00
00
00
00
00
00
00
00
00
00
00
00
00
00
00
00
00
00
00
00
00
00
00
00
00
00
00
00
00
00
00
00
00
00
00
00
00
00
00
00
00
00
00
00
00
00
00
00
00
00
00
00
00
00
00
00
00
00
00
00
00
00
00
00
00
00
00
00
00
00
00
00
00
00
00
00
00
00
00
00
00
00
00
00
00
00
00
00
00
00
00
00
00
00
00
00
00
00
00
00
00