0a  // shift_num(0)
12
09  // shift_num(1)
11
00
00
00
00
00
00
00
00
00
00
00
00
00
00
00
00
00
00
00
00
00
00
00
00
00
00
00
00
62  // b(0)17250.0
43
7e  // b(1)-17026.0
bd
00
00
00
00
00
00
00
00
00
00
00
00
00
00
00
00
00
00
00
00
00
00
00
00
00
00
00
00
62  // w(0,0,0,0)1378.0
05
b3  // w(1,0,0,0)-14669.0
c6
00
00
00
00
00
00
00
00
00
00
00
00
00
00
00
00
00
00
00
00
00
00
00
00
00
00
00
00
25  // w(0,1,0,0)-9691.0
da
90  // w(1,1,0,0)6032.0
17
00
00
00
00
00
00
00
00
00
00
00
00
00
00
00
00
00
00
00
00
00
00
00
00
00
00
00
00
64  // w(0,2,0,0)9572.0
25
a9  // w(1,2,0,0)-1111.0
fb
00
00
00
00
00
00
00
00
00
00
00
00
00
00
00
00
00
00
00
00
00
00
00
00
00
00
00
00
44  // w(0,3,0,0)4164.0
10
ad  // w(1,3,0,0)3501.0
0d
00
00
00
00
00
00
00
00
00
00
00
00
00
00
00
00
00
00
00
00
00
00
00
00
00
00
00
00
5b  // w(0,4,0,0)14427.0
38
96  // w(1,4,0,0)7830.0
1e
00
00
00
00
00
00
00
00
00
00
00
00
00
00
00
00
00
00
00
00
00
00
00
00
00
00
00
00
f0  // w(0,5,0,0)-15376.0
c3
b4  // w(1,5,0,0)-11596.0
d2
00
00
00
00
00
00
00
00
00
00
00
00
00
00
00
00
00
00
00
00
00
00
00
00
00
00
00
00
4c  // w(0,6,0,0)20556.0
50
4f  // w(1,6,0,0)79.0
00
00
00
00
00
00
00
00
00
00
00
00
00
00
00
00
00
00
00
00
00
00
00
00
00
00
00
00
00
71  // w(0,7,0,0)-1423.0
fa
36  // w(1,7,0,0)4662.0
12
00
00
00
00
00
00
00
00
00
00
00
00
00
00
00
00
00
00
00
00
00
00
00
00
00
00
00
00
27  // w(0,8,0,0)-18393.0
b8
9e  // w(1,8,0,0)-1122.0
fb
00
00
00
00
00
00
00
00
00
00
00
00
00
00
00
00
00
00
00
00
00
00
00
00
00
00
00
00
bb  // w(0,9,0,0)-5445.0
ea
da  // w(1,9,0,0)8154.0
1f
00
00
00
00
00
00
00
00
00
00
00
00
00
00
00
00
00
00
00
00
00
00
00
00
00
00
00
00
0c  // w(0,10,0,0)-756.0
fd
d5  // w(1,10,0,0)2773.0
0a
00
00
00
00
00
00
00
00
00
00
00
00
00
00
00
00
00
00
00
00
00
00
00
00
00
00
00
00
4a  // w(0,11,0,0)-8374.0
df
b0  // w(1,11,0,0)10928.0
2a
00
00
00
00
00
00
00
00
00
00
00
00
00
00
00
00
00
00
00
00
00
00
00
00
00
00
00
00
4f  // w(0,12,0,0)-2225.0
f7
44  // w(1,12,0,0)-5052.0
ec
00
00
00
00
00
00
00
00
00
00
00
00
00
00
00
00
00
00
00
00
00
00
00
00
00
00
00
00
60  // w(0,13,0,0)14944.0
3a
aa  // w(1,13,0,0)2986.0
0b
00
00
00
00
00
00
00
00
00
00
00
00
00
00
00
00
00
00
00
00
00
00
00
00
00
00
00
00
20  // w(0,14,0,0)-6112.0
e8
fb  // w(1,14,0,0)12539.0
30
00
00
00
00
00
00
00
00
00
00
00
00
00
00
00
00
00
00
00
00
00
00
00
00
00
00
00
00
a9  // w(0,15,0,0)-11095.0
d4
6e  // w(1,15,0,0)-10386.0
d7
00
00
00
00
00
00
00
00
00
00
00
00
00
00
00
00
00
00
00
00
00
00
00
00
00
00
00
00
8a  // w(0,16,0,0)9354.0
24
6c  // w(1,16,0,0)2924.0
0b
00
00
00
00
00
00
00
00
00
00
00
00
00
00
00
00
00
00
00
00
00
00
00
00
00
00
00
00
c1  // w(0,17,0,0)-16191.0
c0
ac  // w(1,17,0,0)1964.0
07
00
00
00
00
00
00
00
00
00
00
00
00
00
00
00
00
00
00
00
00
00
00
00
00
00
00
00
00
71  // w(0,18,0,0)-5775.0
e9
48  // w(1,18,0,0)-9912.0
d9
00
00
00
00
00
00
00
00
00
00
00
00
00
00
00
00
00
00
00
00
00
00
00
00
00
00
00
00
13  // w(0,19,0,0)17683.0
45
e0  // w(1,19,0,0)-32.0
ff
00
00
00
00
00
00
00
00
00
00
00
00
00
00
00
00
00
00
00
00
00
00
00
00
00
00
00
00
25  // w(0,20,0,0)-4827.0
ed
cb  // w(1,20,0,0)-821.0
fc
00
00
00
00
00
00
00
00
00
00
00
00
00
00
00
00
00
00
00
00
00
00
00
00
00
00
00
00
93  // w(0,21,0,0)-2157.0
f7
e1  // w(1,21,0,0)13281.0
33
00
00
00
00
00
00
00
00
00
00
00
00
00
00
00
00
00
00
00
00
00
00
00
00
00
00
00
00
6c  // w(0,22,0,0)-8852.0
dd
08  // w(1,22,0,0)-6904.0
e5
00
00
00
00
00
00
00
00
00
00
00
00
00
00
00
00
00
00
00
00
00
00
00
00
00
00
00
00
eb  // w(0,23,0,0)27371.0
6a
c9  // w(1,23,0,0)-12599.0
ce
00
00
00
00
00
00
00
00
00
00
00
00
00
00
00
00
00
00
00
00
00
00
00
00
00
00
00
00
3b  // w(0,24,0,0)-4037.0
f0
d5  // w(1,24,0,0)8917.0
22
00
00
00
00
00
00
00
00
00
00
00
00
00
00
00
00
00
00
00
00
00
00
00
00
00
00
00
00
fc  // w(0,25,0,0)-16900.0
bd
a7  // w(1,25,0,0)-10585.0
d6
00
00
00
00
00
00
00
00
00
00
00
00
00
00
00
00
00
00
00
00
00
00
00
00
00
00
00
00
55  // w(0,26,0,0)-2475.0
f6
a5  // w(1,26,0,0)-91.0
ff
00
00
00
00
00
00
00
00
00
00
00
00
00
00
00
00
00
00
00
00
00
00
00
00
00
00
00
00
54  // w(0,27,0,0)-172.0
ff
f3  // w(1,27,0,0)-3853.0
f0
00
00
00
00
00
00
00
00
00
00
00
00
00
00
00
00
00
00
00
00
00
00
00
00
00
00
00
00
ec  // w(0,28,0,0)7660.0
1d
69  // w(1,28,0,0)-1687.0
f9
00
00
00
00
00
00
00
00
00
00
00
00
00
00
00
00
00
00
00
00
00
00
00
00
00
00
00
00
f9  // w(0,29,0,0)-1543.0
f9
a6  // w(1,29,0,0)3238.0
0c
00
00
00
00
00
00
00
00
00
00
00
00
00
00
00
00
00
00
00
00
00
00
00
00
00
00
00
00
a9  // w(0,30,0,0)20649.0
50
83  // w(1,30,0,0)4995.0
13
00
00
00
00
00
00
00
00
00
00
00
00
00
00
00
00
00
00
00
00
00
00
00
00
00
00
00
00
24  // w(0,31,0,0)-10460.0
d7
92  // w(1,31,0,0)6290.0
18
00
00
00
00
00
00
00
00
00
00
00
00
00
00
00
00
00
00
00
00
00
00
00
00
00
00
00
00
66  // w(0,32,0,0)3430.0
0d
1f  // w(1,32,0,0)6687.0
1a
00
00
00
00
00
00
00
00
00
00
00
00
00
00
00
00
00
00
00
00
00
00
00
00
00
00
00
00
06  // w(0,33,0,0)-5370.0
eb
ea  // w(1,33,0,0)-4630.0
ed
00
00
00
00
00
00
00
00
00
00
00
00
00
00
00
00
00
00
00
00
00
00
00
00
00
00
00
00
57  // w(0,34,0,0)-6057.0
e8
00  // w(1,34,0,0)4608.0
12
00
00
00
00
00
00
00
00
00
00
00
00
00
00
00
00
00
00
00
00
00
00
00
00
00
00
00
00
14  // w(0,35,0,0)13332.0
34
e8  // w(1,35,0,0)-24.0
ff
00
00
00
00
00
00
00
00
00
00
00
00
00
00
00
00
00
00
00
00
00
00
00
00
00
00
00
00
f9  // w(0,36,0,0)-24327.0
a0
75  // w(1,36,0,0)10101.0
27
00
00
00
00
00
00
00
00
00
00
00
00
00
00
00
00
00
00
00
00
00
00
00
00
00
00
00
00
8f  // w(0,37,0,0)12687.0
31
08  // w(1,37,0,0)-1272.0
fb
00
00
00
00
00
00
00
00
00
00
00
00
00
00
00
00
00
00
00
00
00
00
00
00
00
00
00
00
93  // w(0,38,0,0)1427.0
05
ed  // w(1,38,0,0)-1811.0
f8
00
00
00
00
00
00
00
00
00
00
00
00
00
00
00
00
00
00
00
00
00
00
00
00
00
00
00
00
d7  // w(0,39,0,0)4311.0
10
35  // w(1,39,0,0)3893.0
0f
00
00
00
00
00
00
00
00
00
00
00
00
00
00
00
00
00
00
00
00
00
00
00
00
00
00
00
00
00  // w(0,40,0,0)-256.0
ff
04  // w(1,40,0,0)5380.0
15
00
00
00
00
00
00
00
00
00
00
00
00
00
00
00
00
00
00
00
00
00
00
00
00
00
00
00
00
a3  // w(0,41,0,0)20899.0
51
df  // w(1,41,0,0)-5153.0
eb
00
00
00
00
00
00
00
00
00
00
00
00
00
00
00
00
00
00
00
00
00
00
00
00
00
00
00
00
30  // w(0,42,0,0)10800.0
2a
bb  // w(1,42,0,0)-1861.0
f8
00
00
00
00
00
00
00
00
00
00
00
00
00
00
00
00
00
00
00
00
00
00
00
00
00
00
00
00
02  // w(0,43,0,0)-15870.0
c2
1e  // w(1,43,0,0)9246.0
24
00
00
00
00
00
00
00
00
00
00
00
00
00
00
00
00
00
00
00
00
00
00
00
00
00
00
00
00
57  // w(0,44,0,0)-4009.0
f0
68  // w(1,44,0,0)10600.0
29
00
00
00
00
00
00
00
00
00
00
00
00
00
00
00
00
00
00
00
00
00
00
00
00
00
00
00
00
69  // w(0,45,0,0)1641.0
06
10  // w(1,45,0,0)272.0
01
00
00
00
00
00
00
00
00
00
00
00
00
00
00
00
00
00
00
00
00
00
00
00
00
00
00
00
00
21  // w(0,46,0,0)-1247.0
fb
ad  // w(1,46,0,0)9901.0
26
00
00
00
00
00
00
00
00
00
00
00
00
00
00
00
00
00
00
00
00
00
00
00
00
00
00
00
00
9f  // w(0,47,0,0)18591.0
48
45  // w(1,47,0,0)-10683.0
d6
00
00
00
00
00
00
00
00
00
00
00
00
00
00
00
00
00
00
00
00
00
00
00
00
00
00
00
00
e0  // w(0,48,0,0)-2336.0
f6
77  // w(1,48,0,0)631.0
02
00
00
00
00
00
00
00
00
00
00
00
00
00
00
00
00
00
00
00
00
00
00
00
00
00
00
00
00
4e  // w(0,49,0,0)10830.0
2a
c9  // w(1,49,0,0)-311.0
fe
00
00
00
00
00
00
00
00
00
00
00
00
00
00
00
00
00
00
00
00
00
00
00
00
00
00
00
00
0e  // w(0,50,0,0)5134.0
14
cb  // w(1,50,0,0)-9013.0
dc
00
00
00
00
00
00
00
00
00
00
00
00
00
00
00
00
00
00
00
00
00
00
00
00
00
00
00
00
7f  // w(0,51,0,0)21631.0
54
73  // w(1,51,0,0)4979.0
13
00
00
00
00
00
00
00
00
00
00
00
00
00
00
00
00
00
00
00
00
00
00
00
00
00
00
00
00
91  // w(0,52,0,0)-20847.0
ae
92  // w(1,52,0,0)4242.0
10
00
00
00
00
00
00
00
00
00
00
00
00
00
00
00
00
00
00
00
00
00
00
00
00
00
00
00
00
d5  // w(0,53,0,0)17109.0
42
1c  // w(1,53,0,0)1820.0
07
00
00
00
00
00
00
00
00
00
00
00
00
00
00
00
00
00
00
00
00
00
00
00
00
00
00
00
00
36  // w(0,54,0,0)3638.0
0e
51  // w(1,54,0,0)593.0
02
00
00
00
00
00
00
00
00
00
00
00
00
00
00
00
00
00
00
00
00
00
00
00
00
00
00
00
00
b5  // w(0,55,0,0)-6731.0
e5
be  // w(1,55,0,0)4286.0
10
00
00
00
00
00
00
00
00
00
00
00
00
00
00
00
00
00
00
00
00
00
00
00
00
00
00
00
00
04  // w(0,56,0,0)2052.0
08
f2  // w(1,56,0,0)-17678.0
ba
00
00
00
00
00
00
00
00
00
00
00
00
00
00
00
00
00
00
00
00
00
00
00
00
00
00
00
00
5e  // w(0,57,0,0)9310.0
24
f1  // w(1,57,0,0)3313.0
0c
00
00
00
00
00
00
00
00
00
00
00
00
00
00
00
00
00
00
00
00
00
00
00
00
00
00
00
00
26  // w(0,58,0,0)10790.0
2a
b5  // w(1,58,0,0)-3659.0
f1
00
00
00
00
00
00
00
00
00
00
00
00
00
00
00
00
00
00
00
00
00
00
00
00
00
00
00
00
98  // w(0,59,0,0)3224.0
0c
1d  // w(1,59,0,0)5405.0
15
00
00
00
00
00
00
00
00
00
00
00
00
00
00
00
00
00
00
00
00
00
00
00
00
00
00
00
00
88  // w(0,60,0,0)14728.0
39
67  // w(1,60,0,0)3687.0
0e
00
00
00
00
00
00
00
00
00
00
00
00
00
00
00
00
00
00
00
00
00
00
00
00
00
00
00
00
f0  // w(0,61,0,0)-16144.0
c0
53  // w(1,61,0,0)5203.0
14
00
00
00
00
00
00
00
00
00
00
00
00
00
00
00
00
00
00
00
00
00
00
00
00
00
00
00
00
e2  // w(0,62,0,0)29154.0
71
49  // w(1,62,0,0)-2743.0
f5
00
00
00
00
00
00
00
00
00
00
00
00
00
00
00
00
00
00
00
00
00
00
00
00
00
00
00
00
c7  // w(0,63,0,0)15303.0
3b
ed  // w(1,63,0,0)8941.0
22
00
00
00
00
00
00
00
00
00
00
00
00
00
00
00
00
00
00
00
00
00
00
00
00
00
00
00
00 // end of one group of 16 filters
00
00
00
00
00
00
00
00
00
00
00
00
00
00
00
00
00
00
00
00
00
00
00
00
00
00
00
00
00
00
00
00
00
00
00
00
00
00
00
00
00
00
00
00
00
00
00
00
00
00
00
00
00
00
00
00
00
00
00
00
00
00
00
00
00
00
00
00
00
00
00
00
00
00
00
00
00
00
00
00
00
00
00
00
00
00
00
00
00
00
00
00
00
00
00
00
00
00
00
00
00
00
00
00
00
00
00
00
00
00
00
00
00
00
00
00
00
00
00
00
00
00
00
00
00
00
00
00
00
00
00
00
00
00
00
00
00
00
00
00
00
00
00
00
00
00
00
00
00
00
00
00
00
00
00
00
00
00
00
00
00
00
00
00
00
00
00
00
00
00
00
00
00
00
00
00
00
00
00
00
00
00
00
00
00
00
00
00
00
00
00
00