0a  // shift_num(0)
12
0a  // shift_num(1)
12
00
00
00
00
00
00
00
00
00
00
00
00
00
00
00
00
00
00
00
00
00
00
00
00
00
00
00
00
c0  // b(0)17088.0
42
25  // b(1)-16859.0
be
00
00
00
00
00
00
00
00
00
00
00
00
00
00
00
00
00
00
00
00
00
00
00
00
00
00
00
00
be  // w(0,0,0,0)22718.0
58
e6  // w(1,0,0,0)-3098.0
f3
00
00
00
00
00
00
00
00
00
00
00
00
00
00
00
00
00
00
00
00
00
00
00
00
00
00
00
00
3d  // w(0,1,0,0)-3011.0
f4
5f  // w(1,1,0,0)2911.0
0b
00
00
00
00
00
00
00
00
00
00
00
00
00
00
00
00
00
00
00
00
00
00
00
00
00
00
00
00
c8  // w(0,2,0,0)968.0
03
f4  // w(1,2,0,0)14068.0
36
00
00
00
00
00
00
00
00
00
00
00
00
00
00
00
00
00
00
00
00
00
00
00
00
00
00
00
00
1a  // w(0,3,0,0)-16870.0
be
5b  // w(1,3,0,0)1115.0
04
00
00
00
00
00
00
00
00
00
00
00
00
00
00
00
00
00
00
00
00
00
00
00
00
00
00
00
00
22  // w(0,4,0,0)11554.0
2d
18  // w(1,4,0,0)3096.0
0c
00
00
00
00
00
00
00
00
00
00
00
00
00
00
00
00
00
00
00
00
00
00
00
00
00
00
00
00
46  // w(0,5,0,0)3398.0
0d
46  // w(1,5,0,0)-4538.0
ee
00
00
00
00
00
00
00
00
00
00
00
00
00
00
00
00
00
00
00
00
00
00
00
00
00
00
00
00
44  // w(0,6,0,0)-3260.0
f3
ce  // w(1,6,0,0)27342.0
6a
00
00
00
00
00
00
00
00
00
00
00
00
00
00
00
00
00
00
00
00
00
00
00
00
00
00
00
00
6f  // w(0,7,0,0)-1681.0
f9
98  // w(1,7,0,0)24216.0
5e
00
00
00
00
00
00
00
00
00
00
00
00
00
00
00
00
00
00
00
00
00
00
00
00
00
00
00
00
8e  // w(0,8,0,0)-626.0
fd
cc  // w(1,8,0,0)10444.0
28
00
00
00
00
00
00
00
00
00
00
00
00
00
00
00
00
00
00
00
00
00
00
00
00
00
00
00
00
42  // w(0,9,0,0)14914.0
3a
c3  // w(1,9,0,0)9411.0
24
00
00
00
00
00
00
00
00
00
00
00
00
00
00
00
00
00
00
00
00
00
00
00
00
00
00
00
00
0b  // w(0,10,0,0)7179.0
1c
5a  // w(1,10,0,0)-5286.0
eb
00
00
00
00
00
00
00
00
00
00
00
00
00
00
00
00
00
00
00
00
00
00
00
00
00
00
00
00
2e  // w(0,11,0,0)-1490.0
fa
13  // w(1,11,0,0)10771.0
2a
00
00
00
00
00
00
00
00
00
00
00
00
00
00
00
00
00
00
00
00
00
00
00
00
00
00
00
00
c5  // w(0,12,0,0)4293.0
10
98  // w(1,12,0,0)4248.0
10
00
00
00
00
00
00
00
00
00
00
00
00
00
00
00
00
00
00
00
00
00
00
00
00
00
00
00
00
df  // w(0,13,0,0)-2593.0
f5
8e  // w(1,13,0,0)-17778.0
ba
00
00
00
00
00
00
00
00
00
00
00
00
00
00
00
00
00
00
00
00
00
00
00
00
00
00
00
00
d2  // w(0,14,0,0)-9006.0
dc
18  // w(1,14,0,0)3352.0
0d
00
00
00
00
00
00
00
00
00
00
00
00
00
00
00
00
00
00
00
00
00
00
00
00
00
00
00
00
96  // w(0,15,0,0)-12650.0
ce
7e  // w(1,15,0,0)12414.0
30
00
00
00
00
00
00
00
00
00
00
00
00
00
00
00
00
00
00
00
00
00
00
00
00
00
00
00
00
ae  // w(0,16,0,0)5550.0
15
a8  // w(1,16,0,0)-14168.0
c8
00
00
00
00
00
00
00
00
00
00
00
00
00
00
00
00
00
00
00
00
00
00
00
00
00
00
00
00
08  // w(0,17,0,0)5896.0
17
99  // w(1,17,0,0)-359.0
fe
00
00
00
00
00
00
00
00
00
00
00
00
00
00
00
00
00
00
00
00
00
00
00
00
00
00
00
00
99  // w(0,18,0,0)-6247.0
e7
1f  // w(1,18,0,0)12319.0
30
00
00
00
00
00
00
00
00
00
00
00
00
00
00
00
00
00
00
00
00
00
00
00
00
00
00
00
00
23  // w(0,19,0,0)-9949.0
d9
45  // w(1,19,0,0)7237.0
1c
00
00
00
00
00
00
00
00
00
00
00
00
00
00
00
00
00
00
00
00
00
00
00
00
00
00
00
00
6d  // w(0,20,0,0)-16275.0
c0
3d  // w(1,20,0,0)23613.0
5c
00
00
00
00
00
00
00
00
00
00
00
00
00
00
00
00
00
00
00
00
00
00
00
00
00
00
00
00
4f  // w(0,21,0,0)10319.0
28
3d  // w(1,21,0,0)-1475.0
fa
00
00
00
00
00
00
00
00
00
00
00
00
00
00
00
00
00
00
00
00
00
00
00
00
00
00
00
00
78  // w(0,22,0,0)888.0
03
3d  // w(1,22,0,0)-27075.0
96
00
00
00
00
00
00
00
00
00
00
00
00
00
00
00
00
00
00
00
00
00
00
00
00
00
00
00
00
c1  // w(0,23,0,0)-15423.0
c3
5d  // w(1,23,0,0)349.0
01
00
00
00
00
00
00
00
00
00
00
00
00
00
00
00
00
00
00
00
00
00
00
00
00
00
00
00
00
7a  // w(0,24,0,0)11642.0
2d
3e  // w(1,24,0,0)-19138.0
b5
00
00
00
00
00
00
00
00
00
00
00
00
00
00
00
00
00
00
00
00
00
00
00
00
00
00
00
00
ef  // w(0,25,0,0)-25361.0
9c
20  // w(1,25,0,0)-9696.0
da
00
00
00
00
00
00
00
00
00
00
00
00
00
00
00
00
00
00
00
00
00
00
00
00
00
00
00
00
02  // w(0,26,0,0)-1278.0
fb
2f  // w(1,26,0,0)3631.0
0e
00
00
00
00
00
00
00
00
00
00
00
00
00
00
00
00
00
00
00
00
00
00
00
00
00
00
00
00
e6  // w(0,27,0,0)6630.0
19
1b  // w(1,27,0,0)-21733.0
ab
00
00
00
00
00
00
00
00
00
00
00
00
00
00
00
00
00
00
00
00
00
00
00
00
00
00
00
00
d5  // w(0,28,0,0)-14379.0
c7
61  // w(1,28,0,0)13409.0
34
00
00
00
00
00
00
00
00
00
00
00
00
00
00
00
00
00
00
00
00
00
00
00
00
00
00
00
00
b9  // w(0,29,0,0)-17223.0
bc
e9  // w(1,29,0,0)-4375.0
ee
00
00
00
00
00
00
00
00
00
00
00
00
00
00
00
00
00
00
00
00
00
00
00
00
00
00
00
00
b4  // w(0,30,0,0)-12620.0
ce
b8  // w(1,30,0,0)8376.0
20
00
00
00
00
00
00
00
00
00
00
00
00
00
00
00
00
00
00
00
00
00
00
00
00
00
00
00
00
55  // w(0,31,0,0)14165.0
37
0c  // w(1,31,0,0)-6644.0
e6
00
00
00
00
00
00
00
00
00
00
00
00
00
00
00
00
00
00
00
00
00
00
00
00
00
00
00
00
aa  // w(0,32,0,0)-8022.0
e0
97  // w(1,32,0,0)3991.0
0f
00
00
00
00
00
00
00
00
00
00
00
00
00
00
00
00
00
00
00
00
00
00
00
00
00
00
00
00
94  // w(0,33,0,0)6292.0
18
49  // w(1,33,0,0)-2231.0
f7
00
00
00
00
00
00
00
00
00
00
00
00
00
00
00
00
00
00
00
00
00
00
00
00
00
00
00
00
4e  // w(0,34,0,0)-17842.0
ba
a4  // w(1,34,0,0)8868.0
22
00
00
00
00
00
00
00
00
00
00
00
00
00
00
00
00
00
00
00
00
00
00
00
00
00
00
00
00
c3  // w(0,35,0,0)-7741.0
e1
22  // w(1,35,0,0)8738.0
22
00
00
00
00
00
00
00
00
00
00
00
00
00
00
00
00
00
00
00
00
00
00
00
00
00
00
00
00
4c  // w(0,36,0,0)11596.0
2d
26  // w(1,36,0,0)-20954.0
ae
00
00
00
00
00
00
00
00
00
00
00
00
00
00
00
00
00
00
00
00
00
00
00
00
00
00
00
00
ef  // w(0,37,0,0)-11281.0
d3
02  // w(1,37,0,0)10242.0
28
00
00
00
00
00
00
00
00
00
00
00
00
00
00
00
00
00
00
00
00
00
00
00
00
00
00
00
00
dd  // w(0,38,0,0)8413.0
20
3b  // w(1,38,0,0)-7621.0
e2
00
00
00
00
00
00
00
00
00
00
00
00
00
00
00
00
00
00
00
00
00
00
00
00
00
00
00
00
2a  // w(0,39,0,0)-31446.0
85
96  // w(1,39,0,0)4502.0
11
00
00
00
00
00
00
00
00
00
00
00
00
00
00
00
00
00
00
00
00
00
00
00
00
00
00
00
00
e9  // w(0,40,0,0)-4631.0
ed
97  // w(1,40,0,0)-30057.0
8a
00
00
00
00
00
00
00
00
00
00
00
00
00
00
00
00
00
00
00
00
00
00
00
00
00
00
00
00
c5  // w(0,41,0,0)3781.0
0e
45  // w(1,41,0,0)-25787.0
9b
00
00
00
00
00
00
00
00
00
00
00
00
00
00
00
00
00
00
00
00
00
00
00
00
00
00
00
00
8f  // w(0,42,0,0)8591.0
21
64  // w(1,42,0,0)-23452.0
a4
00
00
00
00
00
00
00
00
00
00
00
00
00
00
00
00
00
00
00
00
00
00
00
00
00
00
00
00
6f  // w(0,43,0,0)5743.0
16
83  // w(1,43,0,0)10115.0
27
00
00
00
00
00
00
00
00
00
00
00
00
00
00
00
00
00
00
00
00
00
00
00
00
00
00
00
00
a1  // w(0,44,0,0)-5727.0
e9
0a  // w(1,44,0,0)12042.0
2f
00
00
00
00
00
00
00
00
00
00
00
00
00
00
00
00
00
00
00
00
00
00
00
00
00
00
00
00
a6  // w(0,45,0,0)15270.0
3b
4e  // w(1,45,0,0)846.0
03
00
00
00
00
00
00
00
00
00
00
00
00
00
00
00
00
00
00
00
00
00
00
00
00
00
00
00
00
a2  // w(0,46,0,0)6306.0
18
d7  // w(1,46,0,0)-8745.0
dd
00
00
00
00
00
00
00
00
00
00
00
00
00
00
00
00
00
00
00
00
00
00
00
00
00
00
00
00
cd  // w(0,47,0,0)-13107.0
cc
4b  // w(1,47,0,0)20555.0
50
00
00
00
00
00
00
00
00
00
00
00
00
00
00
00
00
00
00
00
00
00
00
00
00
00
00
00
00
59  // w(0,48,0,0)-1959.0
f8
03  // w(1,48,0,0)22787.0
59
00
00
00
00
00
00
00
00
00
00
00
00
00
00
00
00
00
00
00
00
00
00
00
00
00
00
00
00
3e  // w(0,49,0,0)-14530.0
c7
23  // w(1,49,0,0)6435.0
19
00
00
00
00
00
00
00
00
00
00
00
00
00
00
00
00
00
00
00
00
00
00
00
00
00
00
00
00
94  // w(0,50,0,0)14484.0
38
3b  // w(1,50,0,0)12859.0
32
00
00
00
00
00
00
00
00
00
00
00
00
00
00
00
00
00
00
00
00
00
00
00
00
00
00
00
00
74  // w(0,51,0,0)-25228.0
9d
0b  // w(1,51,0,0)9227.0
24
00
00
00
00
00
00
00
00
00
00
00
00
00
00
00
00
00
00
00
00
00
00
00
00
00
00
00
00
dd  // w(0,52,0,0)3549.0
0d
b8  // w(1,52,0,0)-14664.0
c6
00
00
00
00
00
00
00
00
00
00
00
00
00
00
00
00
00
00
00
00
00
00
00
00
00
00
00
00
d8  // w(0,53,0,0)-10536.0
d6
21  // w(1,53,0,0)18721.0
49
00
00
00
00
00
00
00
00
00
00
00
00
00
00
00
00
00
00
00
00
00
00
00
00
00
00
00
00
16  // w(0,54,0,0)-4842.0
ed
a9  // w(1,54,0,0)-20311.0
b0
00
00
00
00
00
00
00
00
00
00
00
00
00
00
00
00
00
00
00
00
00
00
00
00
00
00
00
00
31  // w(0,55,0,0)-3023.0
f4
c1  // w(1,55,0,0)16833.0
41
00
00
00
00
00
00
00
00
00
00
00
00
00
00
00
00
00
00
00
00
00
00
00
00
00
00
00
00
93  // w(0,56,0,0)-9325.0
db
4c  // w(1,56,0,0)-8884.0
dd
00
00
00
00
00
00
00
00
00
00
00
00
00
00
00
00
00
00
00
00
00
00
00
00
00
00
00
00
4d  // w(0,57,0,0)-21171.0
ad
35  // w(1,57,0,0)7221.0
1c
00
00
00
00
00
00
00
00
00
00
00
00
00
00
00
00
00
00
00
00
00
00
00
00
00
00
00
00
6f  // w(0,58,0,0)-12945.0
cd
91  // w(1,58,0,0)-18031.0
b9
00
00
00
00
00
00
00
00
00
00
00
00
00
00
00
00
00
00
00
00
00
00
00
00
00
00
00
00
64  // w(0,59,0,0)-10908.0
d5
06  // w(1,59,0,0)-12282.0
d0
00
00
00
00
00
00
00
00
00
00
00
00
00
00
00
00
00
00
00
00
00
00
00
00
00
00
00
00
9a  // w(0,60,0,0)-14438.0
c7
31  // w(1,60,0,0)16177.0
3f
00
00
00
00
00
00
00
00
00
00
00
00
00
00
00
00
00
00
00
00
00
00
00
00
00
00
00
00
f9  // w(0,61,0,0)17145.0
42
17  // w(1,61,0,0)-4329.0
ef
00
00
00
00
00
00
00
00
00
00
00
00
00
00
00
00
00
00
00
00
00
00
00
00
00
00
00
00
f6  // w(0,62,0,0)-11530.0
d2
46  // w(1,62,0,0)26438.0
67
00
00
00
00
00
00
00
00
00
00
00
00
00
00
00
00
00
00
00
00
00
00
00
00
00
00
00
00
63  // w(0,63,0,0)18531.0
48
cc  // w(1,63,0,0)-23348.0
a4
00
00
00
00
00
00
00
00
00
00
00
00
00
00
00
00
00
00
00
00
00
00
00
00
00
00
00
00 // end of one group of 16 filters
00
00
00
00
00
00
00
00
00
00
00
00
00
00
00
00
00
00
00
00
00
00
00
00
00
00
00
00
00
00
00
00
00
00
00
00
00
00
00
00
00
00
00
00
00
00
00
00
00
00
00
00
00
00
00
00
00
00
00
00
00
00
00
00
00
00
00
00
00
00
00
00
00
00
00
00
00
00
00
00
00
00
00
00
00
00
00
00
00
00
00
00
00
00
00
00
00
00
00
00
00
00
00
00
00
00
00
00
00
00
00
00
00
00
00
00
00
00
00
00
00
00
00
00
00
00
00
00
00
00
00
00
00
00
00
00
00
00
00
00
00
00
00
00
00
00
00
00
00
00
00
00
00
00
00
00
00
00
00
00
00
00
00
00
00
00
00
00
00
00
00
00
00
00
00
00
00
00
00
00
00
00
00
00
00
00
00
00
00
00
00
00