06  // shift_num(0)
10
0e  // shift_num(1)
10
0b  // shift_num(2)
0f
0c  // shift_num(3)
0f
08  // shift_num(4)
0f
06  // shift_num(5)
0d
0d  // shift_num(6)
10
0c  // shift_num(7)
10
00
00
00
00
00
00
00
00
00
00
00
00
00
00
00
00
76  // b(0)23158.0
5a
58  // b(1)-31400.0
85
fc  // b(2)17404.0
43
ab  // b(3)-26709.0
97
be  // b(4)-20546.0
af
a3  // b(5)-17245.0
bc
f4  // b(6)25076.0
61
3e  // b(7)-19394.0
b4
00
00
00
00
00
00
00
00
00
00
00
00
00
00
00
00
b2  // w(0,0,0,0)8114.0
1f
41  // w(1,0,0,0)2881.0
0b
2b  // w(2,0,0,0)-20949.0
ae
58  // w(3,0,0,0)-4264.0
ef
4e  // w(4,0,0,0)-5298.0
eb
51  // w(5,0,0,0)-1711.0
f9
0e  // w(6,0,0,0)-5874.0
e9
78  // w(7,0,0,0)24440.0
5f
00
00
00
00
00
00
00
00
00
00
00
00
00
00
00
00
f2  // w(0,0,0,1)11250.0
2b
10  // w(1,0,0,1)13584.0
35
6b  // w(2,0,0,1)-3477.0
f2
29  // w(3,0,0,1)-3287.0
f3
44  // w(4,0,0,1)-16316.0
c0
31  // w(5,0,0,1)3377.0
0d
e3  // w(6,0,0,1)-18717.0
b6
a4  // w(7,0,0,1)-4956.0
ec
00
00
00
00
00
00
00
00
00
00
00
00
00
00
00
00
13  // w(0,0,0,2)15379.0
3c
88  // w(1,0,0,2)14728.0
39
d3  // w(2,0,0,2)2003.0
07
87  // w(3,0,0,2)-3961.0
f0
d9  // w(4,0,0,2)-6695.0
e5
ac  // w(5,0,0,2)3500.0
0d
9c  // w(6,0,0,2)4508.0
11
65  // w(7,0,0,2)22373.0
57
00
00
00
00
00
00
00
00
00
00
00
00
00
00
00
00
d6  // w(0,0,1,0)1238.0
04
bb  // w(1,0,1,0)19643.0
4c
3c  // w(2,0,1,0)-6340.0
e7
2f  // w(3,0,1,0)2607.0
0a
c2  // w(4,0,1,0)12738.0
31
26  // w(5,0,1,0)-1242.0
fb
a5  // w(6,0,1,0)-16475.0
bf
14  // w(7,0,1,0)4884.0
13
00
00
00
00
00
00
00
00
00
00
00
00
00
00
00
00
05  // w(0,0,1,1)14597.0
39
89  // w(1,0,1,1)16009.0
3e
68  // w(2,0,1,1)-5272.0
eb
36  // w(3,0,1,1)2870.0
0b
70  // w(4,0,1,1)14960.0
3a
fe  // w(5,0,1,1)-2.0
ff
63  // w(6,0,1,1)4451.0
11
a2  // w(7,0,1,1)-25950.0
9a
00
00
00
00
00
00
00
00
00
00
00
00
00
00
00
00
d4  // w(0,0,1,2)13780.0
35
c1  // w(1,0,1,2)-1343.0
fa
ef  // w(2,0,1,2)6127.0
17
3c  // w(3,0,1,2)9276.0
24
9a  // w(4,0,1,2)13210.0
33
48  // w(5,0,1,2)-952.0
fc
7a  // w(6,0,1,2)-7302.0
e3
cf  // w(7,0,1,2)-16177.0
c0
00
00
00
00
00
00
00
00
00
00
00
00
00
00
00
00
6a  // w(0,0,2,0)-1942.0
f8
6d  // w(1,0,2,0)-2451.0
f6
4c  // w(2,0,2,0)-436.0
fe
06  // w(3,0,2,0)15366.0
3c
24  // w(4,0,2,0)-1244.0
fb
aa  // w(5,0,2,0)2218.0
08
71  // w(6,0,2,0)113.0
00
b0  // w(7,0,2,0)15536.0
3c
00
00
00
00
00
00
00
00
00
00
00
00
00
00
00
00
37  // w(0,0,2,1)16951.0
42
3b  // w(1,0,2,1)12091.0
2f
41  // w(2,0,2,1)10049.0
27
a0  // w(3,0,2,1)17568.0
44
fd  // w(4,0,2,1)-8451.0
de
b1  // w(5,0,2,1)1457.0
05
2d  // w(6,0,2,1)813.0
03
d8  // w(7,0,2,1)-5672.0
e9
00
00
00
00
00
00
00
00
00
00
00
00
00
00
00
00
f4  // w(0,0,2,2)27892.0
6c
ef  // w(1,0,2,2)15087.0
3a
2d  // w(2,0,2,2)8237.0
20
f7  // w(3,0,2,2)8695.0
21
ed  // w(4,0,2,2)-29971.0
8a
4b  // w(5,0,2,2)-28341.0
91
9a  // w(6,0,2,2)17562.0
44
5c  // w(7,0,2,2)12380.0
30
00
00
00
00
00
00
00
00
00
00
00
00
00
00
00
00 // end of one group of 16 filters
00
00
00
00
00
00
00
00
00
00
00
00
00
00
00
00
00
00
00
00
00
00
00
00
00
00
00
00
00
00
00
00
00
00
00
00
00
00
00
00
00
00
00
00
00
00
00
00
00
00
00
00
00
00
00
00
00
00
00
00
00
00
00
00
00
00
00
00
00
00
00
00
00
00
00
00
00
00
00
00
00
00
00
00
00
00
00
00
00
00
00
00
00
00
00
00
00
00
00
00
00
00
00
00
00
00
00
00
00
00
00
00
00
00
00
00
00
00
00
00
00
00
00
00
00
00
00
00
00
00
00
00
00
00
00
00
00
00
00
00
00
00
00
00
00
00
00
00
00
00
00
00
00
00
00
00
00
00
00
00