06  // shift_num(0)
11
06  // shift_num(1)
11
00
00
00
00
00
00
00
00
00
00
00
00
00
00
00
00
00
00
00
00
00
00
00
00
00
00
00
00
f4  // b(0)21748.0
54
53  // b(1)-20141.0
b1
00
00
00
00
00
00
00
00
00
00
00
00
00
00
00
00
00
00
00
00
00
00
00
00
00
00
00
00
7e  // w(0,0,0,0)15742.0
3d
58  // w(1,0,0,0)-9640.0
da
00
00
00
00
00
00
00
00
00
00
00
00
00
00
00
00
00
00
00
00
00
00
00
00
00
00
00
00
9c  // w(0,1,0,0)-14180.0
c8
65  // w(1,1,0,0)9061.0
23
00
00
00
00
00
00
00
00
00
00
00
00
00
00
00
00
00
00
00
00
00
00
00
00
00
00
00
00
fb  // w(0,2,0,0)9467.0
24
70  // w(1,2,0,0)-9872.0
d9
00
00
00
00
00
00
00
00
00
00
00
00
00
00
00
00
00
00
00
00
00
00
00
00
00
00
00
00
a3  // w(0,3,0,0)-12125.0
d0
6e  // w(1,3,0,0)-19090.0
b5
00
00
00
00
00
00
00
00
00
00
00
00
00
00
00
00
00
00
00
00
00
00
00
00
00
00
00
00
00  // w(0,4,0,0)19200.0
4b
41  // w(1,4,0,0)-8895.0
dd
00
00
00
00
00
00
00
00
00
00
00
00
00
00
00
00
00
00
00
00
00
00
00
00
00
00
00
00
5a  // w(0,5,0,0)10842.0
2a
01  // w(1,5,0,0)4609.0
12
00
00
00
00
00
00
00
00
00
00
00
00
00
00
00
00
00
00
00
00
00
00
00
00
00
00
00
00
7e  // w(0,6,0,0)-8066.0
e0
13  // w(1,6,0,0)5907.0
17
00
00
00
00
00
00
00
00
00
00
00
00
00
00
00
00
00
00
00
00
00
00
00
00
00
00
00
00
76  // w(0,7,0,0)10102.0
27
60  // w(1,7,0,0)6496.0
19
00
00
00
00
00
00
00
00
00
00
00
00
00
00
00
00
00
00
00
00
00
00
00
00
00
00
00
00
25  // w(0,8,0,0)-5595.0
ea
e1  // w(1,8,0,0)-21279.0
ac
00
00
00
00
00
00
00
00
00
00
00
00
00
00
00
00
00
00
00
00
00
00
00
00
00
00
00
00
23  // w(0,9,0,0)7459.0
1d
8b  // w(1,9,0,0)-15733.0
c2
00
00
00
00
00
00
00
00
00
00
00
00
00
00
00
00
00
00
00
00
00
00
00
00
00
00
00
00
71  // w(0,10,0,0)16753.0
41
bc  // w(1,10,0,0)-6468.0
e6
00
00
00
00
00
00
00
00
00
00
00
00
00
00
00
00
00
00
00
00
00
00
00
00
00
00
00
00
47  // w(0,11,0,0)23111.0
5a
2a  // w(1,11,0,0)7466.0
1d
00
00
00
00
00
00
00
00
00
00
00
00
00
00
00
00
00
00
00
00
00
00
00
00
00
00
00
00
ee  // w(0,12,0,0)-2834.0
f4
01  // w(1,12,0,0)-12543.0
cf
00
00
00
00
00
00
00
00
00
00
00
00
00
00
00
00
00
00
00
00
00
00
00
00
00
00
00
00
bf  // w(0,13,0,0)19391.0
4b
19  // w(1,13,0,0)-17383.0
bc
00
00
00
00
00
00
00
00
00
00
00
00
00
00
00
00
00
00
00
00
00
00
00
00
00
00
00
00
22  // w(0,14,0,0)-7134.0
e4
29  // w(1,14,0,0)9257.0
24
00
00
00
00
00
00
00
00
00
00
00
00
00
00
00
00
00
00
00
00
00
00
00
00
00
00
00
00
ee  // w(0,15,0,0)5358.0
14
df  // w(1,15,0,0)-17185.0
bc
00
00
00
00
00
00
00
00
00
00
00
00
00
00
00
00
00
00
00
00
00
00
00
00
00
00
00
00
90  // w(0,16,0,0)-6512.0
e6
7a  // w(1,16,0,0)-646.0
fd
00
00
00
00
00
00
00
00
00
00
00
00
00
00
00
00
00
00
00
00
00
00
00
00
00
00
00
00
37  // w(0,17,0,0)-13769.0
ca
05  // w(1,17,0,0)21765.0
55
00
00
00
00
00
00
00
00
00
00
00
00
00
00
00
00
00
00
00
00
00
00
00
00
00
00
00
00
35  // w(0,18,0,0)-6091.0
e8
3e  // w(1,18,0,0)-3522.0
f2
00
00
00
00
00
00
00
00
00
00
00
00
00
00
00
00
00
00
00
00
00
00
00
00
00
00
00
00
b4  // w(0,19,0,0)-10316.0
d7
2b  // w(1,19,0,0)-6357.0
e7
00
00
00
00
00
00
00
00
00
00
00
00
00
00
00
00
00
00
00
00
00
00
00
00
00
00
00
00
f4  // w(0,20,0,0)14068.0
36
cd  // w(1,20,0,0)-4147.0
ef
00
00
00
00
00
00
00
00
00
00
00
00
00
00
00
00
00
00
00
00
00
00
00
00
00
00
00
00
3e  // w(0,21,0,0)318.0
01
20  // w(1,21,0,0)12576.0
31
00
00
00
00
00
00
00
00
00
00
00
00
00
00
00
00
00
00
00
00
00
00
00
00
00
00
00
00
4b  // w(0,22,0,0)14667.0
39
98  // w(1,22,0,0)15512.0
3c
00
00
00
00
00
00
00
00
00
00
00
00
00
00
00
00
00
00
00
00
00
00
00
00
00
00
00
00
5f  // w(0,23,0,0)2399.0
09
cd  // w(1,23,0,0)9165.0
23
00
00
00
00
00
00
00
00
00
00
00
00
00
00
00
00
00
00
00
00
00
00
00
00
00
00
00
00
0a  // w(0,24,0,0)5642.0
16
ea  // w(1,24,0,0)-9750.0
d9
00
00
00
00
00
00
00
00
00
00
00
00
00
00
00
00
00
00
00
00
00
00
00
00
00
00
00
00
db  // w(0,25,0,0)11995.0
2e
a3  // w(1,25,0,0)11171.0
2b
00
00
00
00
00
00
00
00
00
00
00
00
00
00
00
00
00
00
00
00
00
00
00
00
00
00
00
00
ba  // w(0,26,0,0)-4422.0
ee
29  // w(1,26,0,0)23849.0
5d
00
00
00
00
00
00
00
00
00
00
00
00
00
00
00
00
00
00
00
00
00
00
00
00
00
00
00
00
b3  // w(0,27,0,0)-5197.0
eb
d0  // w(1,27,0,0)-304.0
fe
00
00
00
00
00
00
00
00
00
00
00
00
00
00
00
00
00
00
00
00
00
00
00
00
00
00
00
00
4a  // w(0,28,0,0)11850.0
2e
cb  // w(1,28,0,0)2763.0
0a
00
00
00
00
00
00
00
00
00
00
00
00
00
00
00
00
00
00
00
00
00
00
00
00
00
00
00
00
f1  // w(0,29,0,0)12785.0
31
4c  // w(1,29,0,0)7244.0
1c
00
00
00
00
00
00
00
00
00
00
00
00
00
00
00
00
00
00
00
00
00
00
00
00
00
00
00
00
ae  // w(0,30,0,0)9902.0
26
da  // w(1,30,0,0)-806.0
fc
00
00
00
00
00
00
00
00
00
00
00
00
00
00
00
00
00
00
00
00
00
00
00
00
00
00
00
00
23  // w(0,31,0,0)-989.0
fc
2d  // w(1,31,0,0)-10451.0
d7
00
00
00
00
00
00
00
00
00
00
00
00
00
00
00
00
00
00
00
00
00
00
00
00
00
00
00
00
dd  // w(0,32,0,0)13277.0
33
9a  // w(1,32,0,0)22426.0
57
00
00
00
00
00
00
00
00
00
00
00
00
00
00
00
00
00
00
00
00
00
00
00
00
00
00
00
00
45  // w(0,33,0,0)-14267.0
c8
92  // w(1,33,0,0)-3182.0
f3
00
00
00
00
00
00
00
00
00
00
00
00
00
00
00
00
00
00
00
00
00
00
00
00
00
00
00
00
b5  // w(0,34,0,0)6581.0
19
8c  // w(1,34,0,0)-6772.0
e5
00
00
00
00
00
00
00
00
00
00
00
00
00
00
00
00
00
00
00
00
00
00
00
00
00
00
00
00
fd  // w(0,35,0,0)11773.0
2d
e6  // w(1,35,0,0)742.0
02
00
00
00
00
00
00
00
00
00
00
00
00
00
00
00
00
00
00
00
00
00
00
00
00
00
00
00
00
3c  // w(0,36,0,0)-10948.0
d5
1c  // w(1,36,0,0)1308.0
05
00
00
00
00
00
00
00
00
00
00
00
00
00
00
00
00
00
00
00
00
00
00
00
00
00
00
00
00
e5  // w(0,37,0,0)6117.0
17
e4  // w(1,37,0,0)16868.0
41
00
00
00
00
00
00
00
00
00
00
00
00
00
00
00
00
00
00
00
00
00
00
00
00
00
00
00
00
77  // w(0,38,0,0)6775.0
1a
e2  // w(1,38,0,0)2786.0
0a
00
00
00
00
00
00
00
00
00
00
00
00
00
00
00
00
00
00
00
00
00
00
00
00
00
00
00
00
06  // w(0,39,0,0)-17146.0
bd
c7  // w(1,39,0,0)20167.0
4e
00
00
00
00
00
00
00
00
00
00
00
00
00
00
00
00
00
00
00
00
00
00
00
00
00
00
00
00
30  // w(0,40,0,0)2864.0
0b
0a  // w(1,40,0,0)18698.0
49
00
00
00
00
00
00
00
00
00
00
00
00
00
00
00
00
00
00
00
00
00
00
00
00
00
00
00
00
96  // w(0,41,0,0)-13162.0
cc
94  // w(1,41,0,0)12948.0
32
00
00
00
00
00
00
00
00
00
00
00
00
00
00
00
00
00
00
00
00
00
00
00
00
00
00
00
00
74  // w(0,42,0,0)-4236.0
ef
ca  // w(1,42,0,0)-7222.0
e3
00
00
00
00
00
00
00
00
00
00
00
00
00
00
00
00
00
00
00
00
00
00
00
00
00
00
00
00
72  // w(0,43,0,0)1906.0
07
ec  // w(1,43,0,0)21228.0
52
00
00
00
00
00
00
00
00
00
00
00
00
00
00
00
00
00
00
00
00
00
00
00
00
00
00
00
00
73  // w(0,44,0,0)11891.0
2e
aa  // w(1,44,0,0)-16214.0
c0
00
00
00
00
00
00
00
00
00
00
00
00
00
00
00
00
00
00
00
00
00
00
00
00
00
00
00
00
5c  // w(0,45,0,0)1116.0
04
90  // w(1,45,0,0)-4720.0
ed
00
00
00
00
00
00
00
00
00
00
00
00
00
00
00
00
00
00
00
00
00
00
00
00
00
00
00
00
97  // w(0,46,0,0)1687.0
06
a2  // w(1,46,0,0)-4190.0
ef
00
00
00
00
00
00
00
00
00
00
00
00
00
00
00
00
00
00
00
00
00
00
00
00
00
00
00
00
b8  // w(0,47,0,0)21432.0
53
0f  // w(1,47,0,0)-1777.0
f9
00
00
00
00
00
00
00
00
00
00
00
00
00
00
00
00
00
00
00
00
00
00
00
00
00
00
00
00
63  // w(0,48,0,0)-669.0
fd
73  // w(1,48,0,0)627.0
02
00
00
00
00
00
00
00
00
00
00
00
00
00
00
00
00
00
00
00
00
00
00
00
00
00
00
00
00
3f  // w(0,49,0,0)16191.0
3f
53  // w(1,49,0,0)3923.0
0f
00
00
00
00
00
00
00
00
00
00
00
00
00
00
00
00
00
00
00
00
00
00
00
00
00
00
00
00
c2  // w(0,50,0,0)-574.0
fd
ac  // w(1,50,0,0)-4180.0
ef
00
00
00
00
00
00
00
00
00
00
00
00
00
00
00
00
00
00
00
00
00
00
00
00
00
00
00
00
b9  // w(0,51,0,0)-4423.0
ee
d0  // w(1,51,0,0)7120.0
1b
00
00
00
00
00
00
00
00
00
00
00
00
00
00
00
00
00
00
00
00
00
00
00
00
00
00
00
00
70  // w(0,52,0,0)16240.0
3f
ce  // w(1,52,0,0)3534.0
0d
00
00
00
00
00
00
00
00
00
00
00
00
00
00
00
00
00
00
00
00
00
00
00
00
00
00
00
00
42  // w(0,53,0,0)-13502.0
cb
0b  // w(1,53,0,0)-16885.0
be
00
00
00
00
00
00
00
00
00
00
00
00
00
00
00
00
00
00
00
00
00
00
00
00
00
00
00
00
2c  // w(0,54,0,0)7212.0
1c
c1  // w(1,54,0,0)-3391.0
f2
00
00
00
00
00
00
00
00
00
00
00
00
00
00
00
00
00
00
00
00
00
00
00
00
00
00
00
00
08  // w(0,55,0,0)4360.0
11
97  // w(1,55,0,0)-1897.0
f8
00
00
00
00
00
00
00
00
00
00
00
00
00
00
00
00
00
00
00
00
00
00
00
00
00
00
00
00
e9  // w(0,56,0,0)-4887.0
ec
bd  // w(1,56,0,0)-11331.0
d3
00
00
00
00
00
00
00
00
00
00
00
00
00
00
00
00
00
00
00
00
00
00
00
00
00
00
00
00
a8  // w(0,57,0,0)16808.0
41
1e  // w(1,57,0,0)4126.0
10
00
00
00
00
00
00
00
00
00
00
00
00
00
00
00
00
00
00
00
00
00
00
00
00
00
00
00
00
a2  // w(0,58,0,0)-13662.0
ca
ed  // w(1,58,0,0)6125.0
17
00
00
00
00
00
00
00
00
00
00
00
00
00
00
00
00
00
00
00
00
00
00
00
00
00
00
00
00
62  // w(0,59,0,0)14946.0
3a
a2  // w(1,59,0,0)3490.0
0d
00
00
00
00
00
00
00
00
00
00
00
00
00
00
00
00
00
00
00
00
00
00
00
00
00
00
00
00
b1  // w(0,60,0,0)6577.0
19
61  // w(1,60,0,0)-18591.0
b7
00
00
00
00
00
00
00
00
00
00
00
00
00
00
00
00
00
00
00
00
00
00
00
00
00
00
00
00
56  // w(0,61,0,0)86.0
00
c5  // w(1,61,0,0)17349.0
43
00
00
00
00
00
00
00
00
00
00
00
00
00
00
00
00
00
00
00
00
00
00
00
00
00
00
00
00
78  // w(0,62,0,0)-2696.0
f5
a7  // w(1,62,0,0)-18009.0
b9
00
00
00
00
00
00
00
00
00
00
00
00
00
00
00
00
00
00
00
00
00
00
00
00
00
00
00
00
8e  // w(0,63,0,0)10638.0
29
98  // w(1,63,0,0)920.0
03
00
00
00
00
00
00
00
00
00
00
00
00
00
00
00
00
00
00
00
00
00
00
00
00
00
00
00
00 // end of one group of 16 filters
00
00
00
00
00
00
00
00
00
00
00
00
00
00
00
00
00
00
00
00
00
00
00
00
00
00
00
00
00
00
00
00
00
00
00
00
00
00
00
00
00
00
00
00
00
00
00
00
00
00
00
00
00
00
00
00
00
00
00
00
00
00
00
00
00
00
00
00
00
00
00
00
00
00
00
00
00
00
00
00
00
00
00
00
00
00
00
00
00
00
00
00
00
00
00
00
00
00
00
00
00
00
00
00
00
00
00
00
00
00
00
00
00
00
00
00
00
00
00
00
00
00
00
00
00
00
00
00
00
00
00
00
00
00
00
00
00
00
00
00
00
00
00
00
00
00
00
00
00
00
00
00
00
00
00
00
00
00
00
00
00
00
00
00
00
00
00
00
00
00
00
00
00
00
00
00
00
00
00
00
00
00
00
00
00
00
00
00
00
00
00
00