07  // shift_num(0)
12
07  // shift_num(1)
12
00
00
00
00
00
00
00
00
00
00
00
00
00
00
00
00
00
00
00
00
00
00
00
00
00
00
00
00
9c  // b(0)23964.0
5d
ea  // b(1)-22038.0
a9
00
00
00
00
00
00
00
00
00
00
00
00
00
00
00
00
00
00
00
00
00
00
00
00
00
00
00
00
6d  // w(0,0,0,0)1389.0
05
9b  // w(1,0,0,0)8091.0
1f
00
00
00
00
00
00
00
00
00
00
00
00
00
00
00
00
00
00
00
00
00
00
00
00
00
00
00
00
42  // w(0,1,0,0)834.0
03
41  // w(1,1,0,0)321.0
01
00
00
00
00
00
00
00
00
00
00
00
00
00
00
00
00
00
00
00
00
00
00
00
00
00
00
00
00
6f  // w(0,2,0,0)3951.0
0f
5c  // w(1,2,0,0)11612.0
2d
00
00
00
00
00
00
00
00
00
00
00
00
00
00
00
00
00
00
00
00
00
00
00
00
00
00
00
00
11  // w(0,3,0,0)-4847.0
ed
f6  // w(1,3,0,0)-6666.0
e5
00
00
00
00
00
00
00
00
00
00
00
00
00
00
00
00
00
00
00
00
00
00
00
00
00
00
00
00
51  // w(0,4,0,0)-175.0
ff
87  // w(1,4,0,0)10119.0
27
00
00
00
00
00
00
00
00
00
00
00
00
00
00
00
00
00
00
00
00
00
00
00
00
00
00
00
00
81  // w(0,5,0,0)-8575.0
de
62  // w(1,5,0,0)14690.0
39
00
00
00
00
00
00
00
00
00
00
00
00
00
00
00
00
00
00
00
00
00
00
00
00
00
00
00
00
7f  // w(0,6,0,0)-12417.0
cf
4f  // w(1,6,0,0)8271.0
20
00
00
00
00
00
00
00
00
00
00
00
00
00
00
00
00
00
00
00
00
00
00
00
00
00
00
00
00
18  // w(0,7,0,0)-10984.0
d5
1d  // w(1,7,0,0)10013.0
27
00
00
00
00
00
00
00
00
00
00
00
00
00
00
00
00
00
00
00
00
00
00
00
00
00
00
00
00
f8  // w(0,8,0,0)2552.0
09
1a  // w(1,8,0,0)1306.0
05
00
00
00
00
00
00
00
00
00
00
00
00
00
00
00
00
00
00
00
00
00
00
00
00
00
00
00
00
41  // w(0,9,0,0)7233.0
1c
d2  // w(1,9,0,0)-7214.0
e3
00
00
00
00
00
00
00
00
00
00
00
00
00
00
00
00
00
00
00
00
00
00
00
00
00
00
00
00
4e  // w(0,10,0,0)78.0
00
e8  // w(1,10,0,0)-10520.0
d6
00
00
00
00
00
00
00
00
00
00
00
00
00
00
00
00
00
00
00
00
00
00
00
00
00
00
00
00
da  // w(0,11,0,0)7898.0
1e
8d  // w(1,11,0,0)-9843.0
d9
00
00
00
00
00
00
00
00
00
00
00
00
00
00
00
00
00
00
00
00
00
00
00
00
00
00
00
00
8e  // w(0,12,0,0)11918.0
2e
59  // w(1,12,0,0)-11175.0
d4
00
00
00
00
00
00
00
00
00
00
00
00
00
00
00
00
00
00
00
00
00
00
00
00
00
00
00
00
ed  // w(0,13,0,0)-10003.0
d8
e6  // w(1,13,0,0)7142.0
1b
00
00
00
00
00
00
00
00
00
00
00
00
00
00
00
00
00
00
00
00
00
00
00
00
00
00
00
00
48  // w(0,14,0,0)-952.0
fc
ac  // w(1,14,0,0)2220.0
08
00
00
00
00
00
00
00
00
00
00
00
00
00
00
00
00
00
00
00
00
00
00
00
00
00
00
00
00
3f  // w(0,15,0,0)-1473.0
fa
a8  // w(1,15,0,0)-6744.0
e5
00
00
00
00
00
00
00
00
00
00
00
00
00
00
00
00
00
00
00
00
00
00
00
00
00
00
00
00
23  // w(0,16,0,0)-9181.0
dc
81  // w(1,16,0,0)4737.0
12
00
00
00
00
00
00
00
00
00
00
00
00
00
00
00
00
00
00
00
00
00
00
00
00
00
00
00
00
6c  // w(0,17,0,0)7020.0
1b
d8  // w(1,17,0,0)-6440.0
e6
00
00
00
00
00
00
00
00
00
00
00
00
00
00
00
00
00
00
00
00
00
00
00
00
00
00
00
00
f9  // w(0,18,0,0)1017.0
03
fa  // w(1,18,0,0)3066.0
0b
00
00
00
00
00
00
00
00
00
00
00
00
00
00
00
00
00
00
00
00
00
00
00
00
00
00
00
00
e3  // w(0,19,0,0)8163.0
1f
e3  // w(1,19,0,0)-7453.0
e2
00
00
00
00
00
00
00
00
00
00
00
00
00
00
00
00
00
00
00
00
00
00
00
00
00
00
00
00
1a  // w(0,20,0,0)1562.0
06
51  // w(1,20,0,0)8273.0
20
00
00
00
00
00
00
00
00
00
00
00
00
00
00
00
00
00
00
00
00
00
00
00
00
00
00
00
00
ee  // w(0,21,0,0)1262.0
04
f4  // w(1,21,0,0)8436.0
20
00
00
00
00
00
00
00
00
00
00
00
00
00
00
00
00
00
00
00
00
00
00
00
00
00
00
00
00
80  // w(0,22,0,0)12416.0
30
86  // w(1,22,0,0)4742.0
12
00
00
00
00
00
00
00
00
00
00
00
00
00
00
00
00
00
00
00
00
00
00
00
00
00
00
00
00
c6  // w(0,23,0,0)8646.0
21
ae  // w(1,23,0,0)-8018.0
e0
00
00
00
00
00
00
00
00
00
00
00
00
00
00
00
00
00
00
00
00
00
00
00
00
00
00
00
00
ae  // w(0,24,0,0)-9810.0
d9
dd  // w(1,24,0,0)9181.0
23
00
00
00
00
00
00
00
00
00
00
00
00
00
00
00
00
00
00
00
00
00
00
00
00
00
00
00
00
ba  // w(0,25,0,0)-1094.0
fb
d5  // w(1,25,0,0)-5163.0
eb
00
00
00
00
00
00
00
00
00
00
00
00
00
00
00
00
00
00
00
00
00
00
00
00
00
00
00
00
e3  // w(0,26,0,0)-9245.0
db
71  // w(1,26,0,0)16753.0
41
00
00
00
00
00
00
00
00
00
00
00
00
00
00
00
00
00
00
00
00
00
00
00
00
00
00
00
00
d9  // w(0,27,0,0)-2343.0
f6
69  // w(1,27,0,0)-6039.0
e8
00
00
00
00
00
00
00
00
00
00
00
00
00
00
00
00
00
00
00
00
00
00
00
00
00
00
00
00
78  // w(0,28,0,0)3192.0
0c
b7  // w(1,28,0,0)-9545.0
da
00
00
00
00
00
00
00
00
00
00
00
00
00
00
00
00
00
00
00
00
00
00
00
00
00
00
00
00
14  // w(0,29,0,0)1044.0
04
5f  // w(1,29,0,0)-13473.0
cb
00
00
00
00
00
00
00
00
00
00
00
00
00
00
00
00
00
00
00
00
00
00
00
00
00
00
00
00
02  // w(0,30,0,0)8962.0
23
2f  // w(1,30,0,0)-8145.0
e0
00
00
00
00
00
00
00
00
00
00
00
00
00
00
00
00
00
00
00
00
00
00
00
00
00
00
00
00
03  // w(0,31,0,0)6403.0
19
60  // w(1,31,0,0)-13216.0
cc
00
00
00
00
00
00
00
00
00
00
00
00
00
00
00
00
00
00
00
00
00
00
00
00
00
00
00
00
20  // w(0,32,0,0)9504.0
25
e5  // w(1,32,0,0)-1051.0
fb
00
00
00
00
00
00
00
00
00
00
00
00
00
00
00
00
00
00
00
00
00
00
00
00
00
00
00
00
e5  // w(0,33,0,0)7909.0
1e
8d  // w(1,33,0,0)-2163.0
f7
00
00
00
00
00
00
00
00
00
00
00
00
00
00
00
00
00
00
00
00
00
00
00
00
00
00
00
00
7a  // w(0,34,0,0)-4742.0
ed
b0  // w(1,34,0,0)11696.0
2d
00
00
00
00
00
00
00
00
00
00
00
00
00
00
00
00
00
00
00
00
00
00
00
00
00
00
00
00
9f  // w(0,35,0,0)5535.0
15
1a  // w(1,35,0,0)9242.0
24
00
00
00
00
00
00
00
00
00
00
00
00
00
00
00
00
00
00
00
00
00
00
00
00
00
00
00
00
51  // w(0,36,0,0)-13743.0
ca
67  // w(1,36,0,0)-2201.0
f7
00
00
00
00
00
00
00
00
00
00
00
00
00
00
00
00
00
00
00
00
00
00
00
00
00
00
00
00
77  // w(0,37,0,0)1143.0
04
0a  // w(1,37,0,0)13578.0
35
00
00
00
00
00
00
00
00
00
00
00
00
00
00
00
00
00
00
00
00
00
00
00
00
00
00
00
00
83  // w(0,38,0,0)1155.0
04
f9  // w(1,38,0,0)-4359.0
ee
00
00
00
00
00
00
00
00
00
00
00
00
00
00
00
00
00
00
00
00
00
00
00
00
00
00
00
00
24  // w(0,39,0,0)36.0
00
b7  // w(1,39,0,0)4023.0
0f
00
00
00
00
00
00
00
00
00
00
00
00
00
00
00
00
00
00
00
00
00
00
00
00
00
00
00
00
df  // w(0,40,0,0)6367.0
18
26  // w(1,40,0,0)-8410.0
df
00
00
00
00
00
00
00
00
00
00
00
00
00
00
00
00
00
00
00
00
00
00
00
00
00
00
00
00
59  // w(0,41,0,0)-8871.0
dd
ad  // w(1,41,0,0)685.0
02
00
00
00
00
00
00
00
00
00
00
00
00
00
00
00
00
00
00
00
00
00
00
00
00
00
00
00
00
f9  // w(0,42,0,0)-7687.0
e1
cf  // w(1,42,0,0)13263.0
33
00
00
00
00
00
00
00
00
00
00
00
00
00
00
00
00
00
00
00
00
00
00
00
00
00
00
00
00
4c  // w(0,43,0,0)16204.0
3f
7c  // w(1,43,0,0)-10884.0
d5
00
00
00
00
00
00
00
00
00
00
00
00
00
00
00
00
00
00
00
00
00
00
00
00
00
00
00
00
56  // w(0,44,0,0)15958.0
3e
29  // w(1,44,0,0)-10967.0
d5
00
00
00
00
00
00
00
00
00
00
00
00
00
00
00
00
00
00
00
00
00
00
00
00
00
00
00
00
76  // w(0,45,0,0)6518.0
19
5c  // w(1,45,0,0)-12708.0
ce
00
00
00
00
00
00
00
00
00
00
00
00
00
00
00
00
00
00
00
00
00
00
00
00
00
00
00
00
e5  // w(0,46,0,0)6117.0
17
1b  // w(1,46,0,0)-5605.0
ea
00
00
00
00
00
00
00
00
00
00
00
00
00
00
00
00
00
00
00
00
00
00
00
00
00
00
00
00
3d  // w(0,47,0,0)-10179.0
d8
6e  // w(1,47,0,0)7534.0
1d
00
00
00
00
00
00
00
00
00
00
00
00
00
00
00
00
00
00
00
00
00
00
00
00
00
00
00
00
88  // w(0,48,0,0)2440.0
09
60  // w(1,48,0,0)6752.0
1a
00
00
00
00
00
00
00
00
00
00
00
00
00
00
00
00
00
00
00
00
00
00
00
00
00
00
00
00
41  // w(0,49,0,0)11585.0
2d
0d  // w(1,49,0,0)-4851.0
ed
00
00
00
00
00
00
00
00
00
00
00
00
00
00
00
00
00
00
00
00
00
00
00
00
00
00
00
00
e1  // w(0,50,0,0)5601.0
15
b5  // w(1,50,0,0)-6219.0
e7
00
00
00
00
00
00
00
00
00
00
00
00
00
00
00
00
00
00
00
00
00
00
00
00
00
00
00
00
28  // w(0,51,0,0)-6360.0
e7
ee  // w(1,51,0,0)18158.0
46
00
00
00
00
00
00
00
00
00
00
00
00
00
00
00
00
00
00
00
00
00
00
00
00
00
00
00
00
39  // w(0,52,0,0)-17095.0
bd
bb  // w(1,52,0,0)2747.0
0a
00
00
00
00
00
00
00
00
00
00
00
00
00
00
00
00
00
00
00
00
00
00
00
00
00
00
00
00
7b  // w(0,53,0,0)-12165.0
d0
d0  // w(1,53,0,0)-2608.0
f5
00
00
00
00
00
00
00
00
00
00
00
00
00
00
00
00
00
00
00
00
00
00
00
00
00
00
00
00
d2  // w(0,54,0,0)-6446.0
e6
58  // w(1,54,0,0)2648.0
0a
00
00
00
00
00
00
00
00
00
00
00
00
00
00
00
00
00
00
00
00
00
00
00
00
00
00
00
00
c2  // w(0,55,0,0)-11838.0
d1
74  // w(1,55,0,0)4980.0
13
00
00
00
00
00
00
00
00
00
00
00
00
00
00
00
00
00
00
00
00
00
00
00
00
00
00
00
00
6d  // w(0,56,0,0)-3219.0
f3
83  // w(1,56,0,0)9347.0
24
00
00
00
00
00
00
00
00
00
00
00
00
00
00
00
00
00
00
00
00
00
00
00
00
00
00
00
00
a6  // w(0,57,0,0)-4186.0
ef
95  // w(1,57,0,0)13717.0
35
00
00
00
00
00
00
00
00
00
00
00
00
00
00
00
00
00
00
00
00
00
00
00
00
00
00
00
00
d5  // w(0,58,0,0)9941.0
26
27  // w(1,58,0,0)-13273.0
cc
00
00
00
00
00
00
00
00
00
00
00
00
00
00
00
00
00
00
00
00
00
00
00
00
00
00
00
00
60  // w(0,59,0,0)7520.0
1d
85  // w(1,59,0,0)-18299.0
b8
00
00
00
00
00
00
00
00
00
00
00
00
00
00
00
00
00
00
00
00
00
00
00
00
00
00
00
00
1f  // w(0,60,0,0)799.0
03
da  // w(1,60,0,0)218.0
00
00
00
00
00
00
00
00
00
00
00
00
00
00
00
00
00
00
00
00
00
00
00
00
00
00
00
00
00
88  // w(0,61,0,0)-5496.0
ea
0e  // w(1,61,0,0)4366.0
11
00
00
00
00
00
00
00
00
00
00
00
00
00
00
00
00
00
00
00
00
00
00
00
00
00
00
00
00
1e  // w(0,62,0,0)-2530.0
f6
ed  // w(1,62,0,0)-9747.0
d9
00
00
00
00
00
00
00
00
00
00
00
00
00
00
00
00
00
00
00
00
00
00
00
00
00
00
00
00
15  // w(0,63,0,0)-15339.0
c4
20  // w(1,63,0,0)8480.0
21
00
00
00
00
00
00
00
00
00
00
00
00
00
00
00
00
00
00
00
00
00
00
00
00
00
00
00
00 // end of one group of 16 filters
00
00
00
00
00
00
00
00
00
00
00
00
00
00
00
00
00
00
00
00
00
00
00
00
00
00
00
00
00
00
00
00
00
00
00
00
00
00
00
00
00
00
00
00
00
00
00
00
00
00
00
00
00
00
00
00
00
00
00
00
00
00
00
00
00
00
00
00
00
00
00
00
00
00
00
00
00
00
00
00
00
00
00
00
00
00
00
00
00
00
00
00
00
00
00
00
00
00
00
00
00
00
00
00
00
00
00
00
00
00
00
00
00
00
00
00
00
00
00
00
00
00
00
00
00
00
00
00
00
00
00
00
00
00
00
00
00
00
00
00
00
00
00
00
00
00
00
00
00
00
00
00
00
00
00
00
00
00
00
00
00
00
00
00
00
00
00
00
00
00
00
00
00
00
00
00
00
00
00
00
00
00
00
00
00
00
00
00
00
00
00
00